2 1 2 2 5 45 6 1
0 0
1 0
CONTINUE
STOP
CONTINUE
STOP
o_0
o_1
o_2
o_3
o_4
0 1
0 1
0 1
0 0 0 0 0 0.542067363614722
0 0 0 1 0 0.25296476968687015
0 0 0 2 0 0.12901203254030386
0 0 0 3 0 0.05805541464313671
0 0 0 4 0 0.017900419514967167
0 0 1 0 0 0.4336538908917776
0 0 1 1 0 0.20237181574949614
0 0 1 2 0 0.1032096260322431
0 0 1 3 0 0.046444331714509374
0 0 1 4 0 0.014320335611973734
0 0 1 0 1 0.029787234042553196
0 0 1 1 1 0.03220241518113858
0 0 1 2 1 0.035780461312376215
0 0 1 3 1 0.04209466036750142
0 0 1 4 1 0.0601352290964306
0 1 0 0 0 0.542067363614722
0 1 0 1 0 0.25296476968687015
0 1 0 2 0 0.12901203254030386
0 1 0 3 0 0.05805541464313671
0 1 0 4 0 0.017900419514967167
0 1 1 0 0 0.542067363614722
0 1 1 1 0 0.25296476968687015
0 1 1 2 0 0.12901203254030386
0 1 1 3 0 0.05805541464313671
0 1 1 4 0 0.017900419514967167
1 0 0 0 1 0.14893617021276598
1 0 0 1 1 0.1610120759056929
1 0 0 2 1 0.17890230656188108
1 0 0 3 1 0.21047330183750707
1 0 0 4 1 0.300676145482153
1 0 1 0 1 0.14893617021276598
1 0 1 1 1 0.1610120759056929
1 0 1 2 1 0.17890230656188108
1 0 1 3 1 0.21047330183750707
1 0 1 4 1 0.300676145482153
1 1 0 0 0 0.542067363614722
1 1 0 1 0 0.25296476968687015
1 1 0 2 0 0.12901203254030386
1 1 0 3 0 0.05805541464313671
1 1 0 4 0 0.017900419514967167
1 1 1 0 0 0.542067363614722
1 1 1 1 0 0.25296476968687015
1 1 1 2 0 0.12901203254030386
1 1 1 3 0 0.05805541464313671
1 1 1 4 0 0.017900419514967167
0 1 0 -1.0
0 1 1 -1.0
1 0 0 -1.0
1 0 1 -1.0
1 1 0 1.0
1 1 1 1.0
0 1 0